0	4.654854	12350
1	7.238280	46436
2	8.054081	63973
3	7.474340	51129
4	4.862665	14079
5	6.698510	36803
6	8.275956	69407
7	0.000000	0
8	5.903589	25194
9	8.236500	68419
10	3.540438	5434
11	7.225423	46189
12	5.398598	19266
13	4.133064	8645
14	3.644628	5928
15	6.232226	29640
16	2.160592	1235
17	6.300717	30628
18	6.772614	38038
19	4.973850	15067
20	3.593288	5681
21	5.182418	17043
22	5.232014	17537
23	4.133064	8645
24	4.247929	9386
25	5.998519	26429
26	4.494212	11115
27	6.816310	38779
28	4.654854	12350
29	2.005716	988
30	4.918886	14573
31	6.090535	27664
32	6.334411	31122
33	3.836797	6916
34	4.623613	12103
35	7.120882	44213
36	5.131855	16549
37	5.785486	23712
38	5.598725	21489
39	5.080275	16055
40	3.969203	7657
41	6.035662	26923
42	7.080876	43472
43	3.485961	5187
44	6.845132	39273
45	6.698510	36803
46	2.810047	2717
47	2.810047	2717
48	6.266659	30134
49	4.623613	12103
50	4.685682	12597
51	6.668403	36309
52	4.654854	12350
53	2.810047	2717
54	6.351125	31369
55	4.011432	7904
56	6.266659	30134
57	4.946521	14820
58	5.328478	18525
59	8.246399	68666
60	5.398598	19266
61	3.743179	6422
62	3.881939	7163
63	5.979773	26182
64	5.489347	20254
65	5.466942	20007
66	0.000000	0
67	4.559831	11609
68	4.321184	9880
69	3.045267	3458
70	6.713462	37050
71	6.944145	41002
72	5.328478	18525
73	7.276578	47177
74	8.256275	68913
75	4.685682	12597
76	2.527044	1976
77	4.247929	9386
78	6.214866	29393
79	4.834061	13832
80	4.918886	14573
81	6.433403	32604
82	6.830751	39026
83	4.716109	12844
84	5.845134	24453
85	5.805505	23959
86	4.494212	11115
87	4.862665	14079
88	6.433403	32604
89	6.816310	38779
90	6.757923	37791
91	5.489347	20254
92	5.131855	16549
93	5.106195	16302
94	5.398598	19266
95	3.183876	3952
96	4.805114	13585
97	7.067440	43225
98	5.979773	26182
99	8.216629	67925
100	4.210335	9139
101	6.054064	27170
102	3.540438	5434
103	5.352056	18772
104	1.822314	741
105	8.022864	63232
106	3.836797	6916
107	7.186576	45448
108	6.772614	38038
109	6.017148	26676
110	6.958061	41249
111	8.206657	67678
112	5.979773	26182
113	6.108608	27911
114	5.998519	26429
115	3.485961	5187
116	5.903589	25194
117	5.398598	19266
118	7.263857	46930
119	5.533618	20748
120	5.884233	24947
121	5.511572	20501
122	1.822314	741
123	4.834061	13832
124	5.979773	26182
125	2.295972	1482
126	6.683490	36556
127	8.757850	82251
128	7.450191	50635
129	3.248870	4199
130	7.276578	47177
131	6.108608	27911
132	6.560830	34580
133	6.197408	29146
134	5.724581	22971
135	4.247929	9386
136	6.367751	31616
137	6.497741	33592
138	4.559831	11609
139	3.644628	5928
140	3.836797	6916
141	7.364408	48906
142	4.284870	9633
143	2.892743	2964
144	5.903589	25194
145	7.173533	45201
146	5.182418	17043
147	5.703989	22724
148	1.591938	494
149	4.527259	11362
150	6.801807	38532
151	1.263522	247
152	4.890937	14326
153	2.810047	2717
154	6.971922	41496
155	6.283734	30381
156	7.852112	59280
157	6.513628	33839
158	6.985728	41743
159	6.576414	34827
160	2.527044	1976
161	3.045267	3458
162	8.784071	82992
163	4.946521	14820
164	6.560830	34580
165	1.591938	494
166	3.694560	6175
167	7.160443	44954
168	5.421571	19513
169	5.641303	21983
170	4.093320	8398
171	3.644628	5928
172	8.136167	65949
173	5.903589	25194
174	6.433403	32604
175	6.433403	32604
176	6.144436	28405
177	7.730269	56563
178	4.321184	9880
179	3.694560	6175
180	6.560830	34580
181	7.775018	57551
182	6.090535	27664
183	3.429726	4940
184	7.263857	46930
185	7.276578	47177
186	2.005716	988
187	7.719000	56316
188	6.481776	33345
189	7.884694	60021
190	3.045267	3458
191	3.969203	7657
192	4.890937	14326
193	6.743168	37544
194	6.249490	29887
195	5.027626	15561
196	4.284870	9633
197	6.417115	32357
198	6.232226	29640
199	5.641303	21983
200	8.946618	87685
201	5.845134	24453
202	2.628231	2223
203	3.836797	6916
204	4.527259	11362
205	4.834061	13832
206	4.559831	11609
207	6.529438	34086
208	3.644628	5928
209	6.683490	36556
210	6.283734	30381
211	2.295972	1482
212	4.172057	8892
213	3.371584	4693
214	5.489347	20254
215	6.017148	26676
216	5.466942	20007
217	2.970963	3211
218	8.988425	88920
219	5.979773	26182
220	5.765327	23465
221	6.576414	34827
222	7.522177	52117
223	6.698510	36803
224	8.523714	75829
225	3.836797	6916
226	4.011432	7904
227	3.881939	7163
228	5.375427	19019
229	7.040413	42731
230	7.569414	53105
231	7.314478	47918
232	7.067440	43225
233	6.728347	37297
234	5.724581	22971
235	2.970963	3211
236	4.210335	9139
237	3.593288	5681
238	5.328478	18525
239	5.000883	15314
240	5.998519	26429
241	4.172057	8892
242	3.116113	3705
243	4.247929	9386
244	5.683247	22477
245	5.131855	16549
246	1.591938	494
247	6.126574	28158
248	4.460672	10868
249	5.131855	16549
250	3.248870	4199
251	2.810047	2717
252	4.716109	12844
253	3.593288	5681
254	7.389121	49400
255	6.859452	39520
256	5.979773	26182
257	4.426620	10621
258	3.183876	3952
259	5.598725	21489
260	1.822314	741
261	7.991401	62491
262	3.644628	5928
263	4.133064	8645
264	5.375427	19019
265	1.591938	494
266	7.120882	44213
267	6.108608	27911
268	9.013324	89661
269	3.836797	6916
270	7.534042	52364
271	6.481776	33345
272	6.971922	41496
273	5.444351	19760
274	4.559831	11609
275	5.489347	20254
276	4.247929	9386
277	5.444351	19760
278	3.694560	6175
279	3.969203	7657
280	7.301888	47671
281	6.576414	34827
282	6.072354	27417
283	5.398598	19266
284	5.375427	19019
285	6.668403	36309
286	5.256463	17784
287	5.941926	25688
288	5.375427	19019
289	4.392036	10374
290	5.745027	23218
291	5.979773	26182
292	3.485961	5187
293	3.429726	4940
294	6.072354	27417
295	5.785486	23712
296	5.922820	25441
297	3.743179	6422
298	5.328478	18525
299	6.179852	28899
300	7.498335	51623
301	6.367751	31616
302	1.822314	741
303	4.011432	7904
304	3.743179	6422
305	2.892743	2964
306	4.247929	9386
307	2.970963	3211
308	2.295972	1482
309	6.300717	30628
310	6.930173	40755
311	8.505164	75335
312	7.616068	54093
313	7.351989	48659
314	0.000000	0
315	7.053952	42978
316	4.011432	7904
317	3.593288	5681
318	8.411177	72865
319	4.172057	8892
320	7.413669	49894
321	4.946521	14820
322	5.304690	18278
323	5.825387	24206
324	5.466942	20007
325	5.444351	19760
326	6.713462	37050
327	5.845134	24453
328	5.884233	24947
329	2.970963	3211
330	5.785486	23712
331	6.433403	32604
332	6.317609	30875
333	7.225423	46189
334	6.144436	28405
335	6.054064	27170
336	6.713462	37050
337	5.080275	16055
338	6.916144	40508
339	5.845134	24453
340	4.284870	9633
341	3.644628	5928
342	6.985728	41743
343	5.106195	16302
344	6.591924	35074
345	6.035662	26923
346	6.054064	27170
347	4.321184	9880
348	4.685682	12597
349	6.607362	35321
350	4.946521	14820
351	5.328478	18525
352	6.971922	41496
353	7.389121	49400
354	3.045267	3458
355	4.052790	8151
356	7.438057	50388
357	7.557660	52858
358	6.054064	27170
359	7.040413	42731
360	2.160592	1235
361	3.790566	6669
362	5.444351	19760
363	5.884233	24947
364	6.638023	35815
365	7.225423	46189
366	7.906267	60515
367	6.728347	37297
368	6.417115	32357
369	3.790566	6669
370	4.011432	7904
371	6.916144	40508
372	6.916144	40508
373	6.728347	37297
374	2.970963	3211
375	3.429726	4940
376	6.772614	38038
377	3.836797	6916
378	6.317609	30875
379	2.527044	1976
380	2.892743	2964
381	5.641303	21983
382	4.494212	11115
383	5.466942	20007
384	3.183876	3952
385	7.173533	45201
386	6.035662	26923
387	7.401415	49647
388	8.226576	68172
389	4.716109	12844
390	5.641303	21983
391	6.367751	31616
392	4.834061	13832
393	4.862665	14079
394	6.384291	31863
395	7.819258	58539
396	5.641303	21983
397	5.922820	25441
398	5.941926	25688
399	4.591943	11856
400	7.026821	42484
401	7.225423	46189
402	7.786125	57798
403	5.131855	16549
404	5.785486	23712
405	5.511572	20501
406	5.845134	24453
407	4.494212	11115
408	4.052790	8151
409	4.591943	11856
410	3.743179	6422
411	5.998519	26429
412	7.808245	58292
413	5.765327	23465
414	0.000000	0
415	5.641303	21983
416	6.072354	27417
417	4.559831	11609
418	5.864749	24700
419	4.460672	10868
420	7.498335	51623
421	4.210335	9139
422	8.315041	70395
423	2.810047	2717
424	5.489347	20254
425	3.311364	4446
426	2.295972	1482
427	8.696049	80522
428	5.864749	24700
429	4.052790	8151
430	8.523714	75829
431	2.160592	1235
432	7.545870	52611
433	6.197408	29146
434	7.376785	49153
435	5.703989	22724
436	4.321184	9880
437	4.623613	12103
438	6.481776	33345
439	0.000000	0
440	7.040413	42731
441	6.054064	27170
442	7.474340	51129
443	6.090535	27664
444	4.284870	9633
445	6.090535	27664
446	1.822314	741
447	5.157260	16796
448	6.179852	28899
449	6.108608	27911
450	4.775813	13338
451	8.324755	70642
452	6.179852	28899
453	3.540438	5434
454	4.172057	8892
455	6.985728	41743
456	5.280686	18031
457	7.053952	42978
458	5.182418	17043
459	4.247929	9386
460	4.918886	14573
461	2.527044	1976
462	2.722175	2470
463	2.722175	2470
464	7.094261	43719
465	6.607362	35321
466	2.628231	2223
467	3.485961	5187
468	4.093320	8398
469	7.263857	46930
470	8.731471	81510
471	5.533618	20748
472	6.916144	40508
473	6.249490	29887
474	7.474340	51129
475	4.527259	11362
476	6.873713	39767
477	1.263522	247
478	8.713796	81016
479	5.620095	21736
480	4.011432	7904
481	4.426620	10621
482	6.985728	41743
483	6.017148	26676
484	3.183876	3952
485	5.598725	21489
486	5.745027	23218
487	6.668403	36309
488	6.449608	32851
489	5.421571	19513
490	6.772614	38038
491	7.401415	49647
492	2.417030	1729
493	4.973850	15067
494	5.765327	23465
495	7.173533	45201
496	5.703989	22724
497	7.147304	44707
498	6.743168	37544
499	8.285762	69654
500	4.210335	9139
501	5.577192	21242
502	4.052790	8151
503	5.421571	19513
504	4.356898	10127
505	6.787242	38285
506	6.698510	36803
507	6.481776	33345
508	5.683247	22477
509	4.133064	8645
510	6.497741	33592
511	1.822314	741
512	2.527044	1976
513	5.328478	18525
514	1.591938	494
515	7.639182	54587
516	8.275956	69407
517	4.890937	14326
518	5.620095	21736
519	4.591943	11856
520	2.005716	988
521	8.353761	71383
522	4.591943	11856
523	7.895495	60268
524	5.489347	20254
525	1.591938	494
526	2.005716	988
527	5.979773	26182
528	5.825387	24206
529	5.256463	17784
530	5.745027	23218
531	4.494212	11115
532	5.703989	22724
533	3.116113	3705
534	4.527259	11362
535	6.513628	33839
536	4.284870	9633
537	3.371584	4693
538	5.027626	15561
539	1.591938	494
540	2.628231	2223
541	7.160443	44954
542	3.926056	7410
543	5.182418	17043
544	5.466942	20007
545	0.000000	0
546	8.411177	72865
547	2.628231	2223
548	5.256463	17784
549	5.825387	24206
550	6.683490	36556
551	7.173533	45201
552	5.207334	17290
553	4.805114	13585
554	5.444351	19760
555	3.371584	4693
556	7.413669	49894
557	8.713796	81016
558	5.960909	25935
559	4.685682	12597
560	1.263522	247
561	7.522177	52117
562	2.970963	3211
563	4.654854	12350
564	5.785486	23712
565	6.300717	30628
566	6.845132	39273
567	7.080876	43472
568	5.256463	17784
569	5.724581	22971
570	5.304690	18278
571	6.035662	26923
572	6.916144	40508
573	4.247929	9386
574	6.772614	38038
575	2.970963	3211
576	6.400745	32110
577	6.560830	34580
578	6.683490	36556
579	5.182418	17043
580	6.859452	39520
581	5.785486	23712
582	6.465732	33098
583	6.816310	38779
584	6.787242	38285
585	7.160443	44954
586	2.160592	1235
587	5.328478	18525
588	6.144436	28405
589	6.787242	38285
590	2.810047	2717
591	2.810047	2717
592	6.859452	39520
593	6.249490	29887
594	3.926056	7410
595	5.555490	20995
596	4.494212	11115
597	6.433403	32604
598	7.160443	44954
599	5.903589	25194
600	5.662353	22230
601	6.283734	30381
602	3.429726	4940
603	6.417115	32357
604	5.805505	23959
605	4.946521	14820
606	1.822314	741
607	4.172057	8892
608	3.045267	3458
609	6.985728	41743
610	5.903589	25194
611	6.930173	40755
612	6.859452	39520
613	6.698510	36803
614	5.745027	23218
615	6.232226	29640
616	4.654854	12350
617	6.433403	32604
618	7.107596	43966
619	1.591938	494
620	4.716109	12844
621	3.248870	4199
622	0.000000	0
623	5.375427	19019
624	6.591924	35074
625	2.527044	1976
626	1.822314	741
627	3.248870	4199
628	4.685682	12597
629	6.266659	30134
630	7.841191	59033
631	5.131855	16549
632	6.367751	31616
633	5.703989	22724
634	7.498335	51623
635	5.157260	16796
636	5.703989	22724
637	5.884233	24947
638	4.210335	9139
639	5.304690	18278
640	7.592812	53599
641	7.263857	46930
642	2.970963	3211
643	7.212521	45942
644	7.639182	54587
645	5.683247	22477
646	6.958061	41249
647	6.591924	35074
648	5.027626	15561
649	3.540438	5434
650	5.280686	18031
651	7.376785	49153
652	2.970963	3211
653	6.035662	26923
654	5.724581	22971
655	5.598725	21489
656	6.072354	27417
657	5.106195	16302
658	6.266659	30134
659	3.116113	3705
660	2.417030	1729
661	6.334411	31122
662	5.941926	25688
663	5.375427	19019
664	6.481776	33345
665	6.249490	29887
666	5.398598	19266
667	2.722175	2470
668	6.497741	33592
669	8.324755	70642
670	7.970288	61997
671	2.005716	988
672	3.644628	5928
673	3.429726	4940
674	4.426620	10621
675	4.011432	7904
676	4.973850	15067
677	4.321184	9880
678	6.433403	32604
679	7.173533	45201
680	9.394277	101517
681	9.021593	89908
682	1.263522	247
683	5.979773	26182
684	6.400745	32110
685	0.000000	0
686	3.694560	6175
687	6.607362	35321
688	7.569414	53105
689	8.505164	75335
690	2.810047	2717
691	6.214866	29393
692	4.392036	10374
693	2.527044	1976
694	7.569414	53105
695	5.027626	15561
696	8.392125	72371
697	4.623613	12103
698	5.724581	22971
699	5.157260	16796
700	5.131855	16549
701	5.884233	24947
702	6.367751	31616
703	6.622728	35568
704	4.834061	13832
705	5.785486	23712
706	7.120882	44213
707	7.026821	42484
708	4.356898	10127
709	4.890937	14326
710	3.311364	4446
711	5.280686	18031
712	6.971922	41496
713	5.157260	16796
714	3.836797	6916
715	6.144436	28405
716	5.328478	18525
717	5.511572	20501
718	1.591938	494
719	6.072354	27417
720	6.576414	34827
721	6.497741	33592
722	3.926056	7410
723	7.522177	52117
724	7.107596	43966
725	7.199572	45695
726	2.628231	2223
727	4.093320	8398
728	5.352056	18772
729	5.662353	22230
730	2.417030	1729
731	2.160592	1235
732	5.352056	18772
733	3.969203	7657
734	6.481776	33345
735	7.474340	51129
736	3.969203	7657
737	3.836797	6916
738	4.011432	7904
739	6.266659	30134
740	4.460672	10868
741	3.311364	4446
742	5.703989	22724
743	6.232226	29640
744	5.027626	15561
745	2.527044	1976
746	4.623613	12103
747	2.970963	3211
748	7.107596	43966
749	7.327024	48165
750	7.863003	59527
751	0.000000	0
752	7.486357	51376
753	5.106195	16302
754	5.131855	16549
755	4.805114	13585
756	6.985728	41743
757	6.638023	35815
758	5.489347	20254
759	8.275956	69407
760	5.577192	21242
761	5.745027	23218
762	6.249490	29887
763	8.495859	75088
764	6.035662	26923
765	4.591943	11856
766	5.662353	22230
767	1.591938	494
768	6.334411	31122
769	1.263522	247
770	3.116113	3705
771	7.147304	44707
772	5.577192	21242
773	6.400745	32110
774	5.207334	17290
775	5.511572	20501
776	5.533618	20748
777	5.080275	16055
778	5.577192	21242
779	5.207334	17290
780	6.958061	41249
781	5.421571	19513
782	4.890937	14326
783	5.641303	21983
784	0.000000	0
785	3.116113	3705
786	5.131855	16549
787	7.569414	53105
788	6.873713	39767
789	7.604458	53846
790	5.941926	25688
791	6.197408	29146
792	7.557660	52858
793	6.529438	34086
794	6.162195	28652
795	5.080275	16055
796	7.938406	61256
797	1.263522	247
798	4.011432	7904
799	3.311364	4446
800	2.892743	2964
801	7.719000	56316
802	7.650687	54834
803	7.301888	47671
804	7.616068	54093
805	6.591924	35074
806	4.591943	11856
807	7.545870	52611
808	5.398598	19266
809	8.372987	71877
810	8.064434	64220
811	5.511572	20501
812	4.973850	15067
813	5.511572	20501
814	5.703989	22724
815	6.300717	30628
816	3.644628	5928
817	6.090535	27664
818	6.072354	27417
819	2.892743	2964
820	0.000000	0
821	6.958061	41249
822	1.263522	247
823	6.334411	31122
824	5.511572	20501
825	5.745027	23218
826	6.417115	32357
827	4.321184	9880
828	5.080275	16055
829	4.559831	11609
830	8.236500	68419
831	6.384291	31863
832	6.902058	40261
833	7.276578	47177
834	1.591938	494
835	2.527044	1976
836	8.569740	77064
837	7.797201	58045
838	5.922820	25441
839	3.836797	6916
840	6.214866	29393
841	6.249490	29887
842	6.317609	30875
843	3.743179	6422
844	6.449608	32851
845	3.485961	5187
846	7.238280	46436
847	5.641303	21983
848	5.960909	25935
849	3.311364	4446
850	7.107596	43966
851	7.120882	44213
852	5.027626	15561
853	1.822314	741
854	6.214866	29393
855	6.902058	40261
856	4.805114	13585
857	5.785486	23712
858	8.236500	68419
859	3.743179	6422
860	4.654854	12350
861	4.654854	12350
862	4.946521	14820
863	3.183876	3952
864	5.421571	19513
865	7.173533	45201
866	5.489347	20254
867	5.533618	20748
868	7.327024	48165
869	1.591938	494
870	6.367751	31616
871	5.352056	18772
872	5.555490	20995
873	5.864749	24700
874	8.115801	65455
875	6.916144	40508
876	7.026821	42484
877	7.450191	50635
878	4.654854	12350
879	4.834061	13832
880	5.131855	16549
881	5.577192	21242
882	5.805505	23959
883	4.284870	9633
884	6.772614	38038
885	5.785486	23712
886	4.890937	14326
887	5.232014	17537
888	3.881939	7163
889	7.120882	44213
890	7.067440	43225
891	6.351125	31369
892	4.321184	9880
893	5.000883	15314
894	5.304690	18278
895	4.321184	9880
896	9.111569	92625
897	5.256463	17784
898	6.197408	29146
899	5.304690	18278
900	5.304690	18278
901	5.683247	22477
902	5.466942	20007
903	3.969203	7657
904	5.864749	24700
905	4.210335	9139
906	6.576414	34827
907	5.703989	22724
908	2.722175	2470
909	4.247929	9386
910	6.698510	36803
911	5.745027	23218
912	3.969203	7657
913	6.545171	34333
914	7.263857	46930
915	6.232226	29640
916	3.969203	7657
917	6.126574	28158
918	5.533618	20748
919	8.344114	71136
920	7.107596	43966
921	6.591924	35074
922	2.527044	1976
923	6.433403	32604
924	5.207334	17290
925	5.131855	16549
926	4.890937	14326
927	2.892743	2964
928	3.540438	5434
929	2.005716	988
930	3.045267	3458
931	2.970963	3211
932	7.199572	45695
933	4.973850	15067
934	3.045267	3458
935	6.481776	33345
936	4.775813	13338
937	2.892743	2964
938	7.134118	44460
939	6.144436	28405
940	2.810047	2717
941	5.864749	24700
942	7.450191	50635
943	4.805114	13585
944	5.232014	17537
945	1.591938	494
946	7.450191	50635
947	5.765327	23465
948	6.054064	27170
949	5.466942	20007
950	5.533618	20748
951	6.035662	26923
952	6.902058	40261
953	2.160592	1235
954	3.311364	4446
955	7.604458	53846
956	6.433403	32604
957	8.146312	66196
958	8.505164	75335
959	4.746149	13091
960	6.179852	28899
961	5.998519	26429
962	4.527259	11362
963	4.862665	14079
964	4.460672	10868
965	3.593288	5681
966	5.805505	23959
967	3.485961	5187
968	5.398598	19266
969	1.591938	494
970	5.765327	23465
971	2.295972	1482
972	4.775813	13338
973	6.916144	40508
974	3.644628	5928
975	5.375427	19019
976	5.182418	17043
977	4.918886	14573
978	4.172057	8892
979	4.834061	13832
980	4.746149	13091
981	6.576414	34827
982	7.080876	43472
983	4.011432	7904
984	6.513628	33839
985	7.730269	56563
986	6.449608	32851
987	5.662353	22230
988	5.232014	17537
989	6.816310	38779
990	6.668403	36309
991	5.533618	20748
992	5.805505	23959
993	4.654854	12350
994	3.644628	5928
995	6.249490	29887
996	4.591943	11856
997	7.040413	42731
998	5.466942	20007
999	2.005716	988
